AA	 1.6500	 1.6400	 1.7300
KK	 1.3700	 1.3200	 1.3500
QQ	 1.0400	 1.0500	 1.2000
JJ	 0.8700	 0.8600	 1.0000
TT	 0.7100	 0.6400	 0.7900
99	 0.4600	 0.4400	 0.6200
88	 0.3300	 0.4000	 0.4600
77	 0.2500	 0.2500	 0.4100
66	 0.1700	 0.1400	 0.2600
55	 0.0200	 -0.0500	 0.2600
44	 -0.0600	 -0.0100	 0.1300
33	 -0.1100	 -0.0800	 0.0000
22	 -0.1500	 -0.2100	 -0.0100
AK	 0.4100	 0.4600	 0.5300
AK s	 0.6200	 0.6000	 0.6600
AQ	 0.2700	 0.3100	 0.4000
AQ s	 0.4500	 0.5100	 0.5400
AJ	 0.3100	 0.2600	 0.3600
AJ s	 0.3800	 0.3700	 0.5900
AT	 0.1600	 0.1700	 0.2700
AT s	 0.3800	 0.3300	 0.5700
A9	 0.0400	 0.0300	 0.1400
A9 s	 0.2100	 0.1500	 0.2900
A8	 -0.0200	 0.0500	 0.1400
A8 s	 0.1400	 0.0600	 0.3300
A7	 -0.0300	 -0.0500	 0.0500
A7 s	 0.0700	 0.1600	 0.1900
A6	 -0.1200	 -0.0300	 0.0500
A6 s	 0.0600	 0.1200	 0.2000
A5	 -0.1000	 -0.0500	 0.0400
A5 s	 0.0700	 0.1200	 0.1500
A4	 -0.1200	 -0.0500	 0.0200
A4 s	 0.0600	 0.1200	 0.2300
A3	 -0.1300	 -0.0500	 0.0000
A3 s	 0.0100	 0.0100	 0.1900
A2	 -0.1200	 -0.1300	 0.0100
A2 s	 0.0100	 0.0400	 0.1300
KQ	 0.2000	 0.1700	 0.3600
KQ s	 0.3600	 0.3500	 0.5000
KJ	 0.0800	 0.1200	 0.2700
KJ s	 0.2400	 0.3000	 0.3900
KT	 0.0500	 0.0600	 0.2000
KT s	 0.2100	 0.2000	 0.3600
K9	 -0.0700	 -0.0400	 0.1400
K9 s	 0.1000	 0.0800	 0.2600
K8	 -0.1100	 -0.0800	 0.0100
K8 s	 0.0600	 -0.0100	 0.1300
K7	 -0.1200	 -0.1200	 0.0100
K7 s	 -0.0300	 0.0300	 0.1500
K6	 -0.1700	 -0.1300	 -0.0200
K6 s	 -0.0600	 -0.0700	 0.0300
K5	 -0.1900	 -0.1700	 -0.0300
K5 s	 -0.0200	 0.0500	 0.0900
K4	 -0.1900	 -0.1800	 -0.0600
K4 s	 -0.0400	 0.0000	 0.1500
K3	 -0.2100	 -0.1900	 -0.0400
K3 s	 -0.0800	 -0.0200	 0.1000
K2	 -0.2200	 -0.2000	 -0.0600
K2 s	 -0.1400	 -0.1200	 0.0500
QJ	 0.0700	 0.1100	 0.2500
QJ s	 0.2500	 0.2900	 0.3000
QT	 -0.0100	 0.0300	 0.1500
QT s	 0.1700	 0.1300	 0.3300
Q9	 -0.0900	 -0.0300	 0.0400
Q9 s	 0.0100	 0.0700	 0.1800
Q8	 -0.1200	 -0.1400	 0.0100
Q8 s	 -0.0100	 0.0200	 0.1400
Q7	 -0.1600	 -0.1700	 -0.0400
Q7 s	 -0.1100	 -0.0100	 0.0500
Q6	 -0.2200	 -0.1800	 -0.0300
Q6 s	 -0.0800	 -0.0800	 0.0700
Q5	 -0.2100	 -0.2100	 -0.0400
Q5 s	 -0.0700	 -0.0600	 -0.0200
Q4	 -0.2400	 -0.2200	 -0.0300
Q4 s	 -0.1000	 -0.0800	 -0.0200
Q3	 -0.2300	 -0.2300	 -0.0400
Q3 s	 -0.0800	 -0.1200	 -0.0100
Q2	 -0.2400	 -0.2200	 -0.0600
Q2 s	 -0.1800	 -0.0900	 -0.0700
JT	 -0.0100	 0.0200	 0.1500
JT s	 0.1500	 0.1800	 0.3200
J9	 -0.0100	 -0.0900	 0.0900
J9 s	 0.0500	 0.1200	 0.2500
J8	 -0.1500	 -0.0900	 0.0300
J8 s	 -0.0700	 -0.0100	 0.2100
J7	 -0.2100	 -0.1600	 -0.0400
J7 s	 -0.0800	 -0.1100	 0.0400
J6	 -0.2300	 -0.2000	 -0.0300
J6 s	 -0.1500	 -0.1100	 -0.0300
J5	 -0.2200	 -0.2100	 -0.0400
J5 s	 -0.1400	 -0.1900	 0.0500
J4	 -0.2100	 -0.2000	 -0.0400
J4 s	 -0.1400	 -0.1000	 -0.0400
J3	 -0.2500	 -0.2300	 -0.0300
J3 s	 -0.1300	 -0.1700	 -0.0800
J2	 -0.2500	 -0.2300	 -0.0300
J2 s	 -0.2200	 -0.1200	 -0.0500
T9	 -0.0600	 -0.0500	 0.0400
T9 s	 0.0300	 0.1000	 0.1400
T8	 -0.1600	 -0.1000	 0.0100
T8 s	 0.0600	 0.0100	 0.1400
T7	 -0.2000	 -0.1700	 -0.0200
T7 s	 -0.0500	 -0.0400	 0.0200
T6	 -0.2100	 -0.2000	 -0.0200
T6 s	 -0.1200	 -0.0700	 0.0000
T5	 -0.2300	 -0.2400	 -0.0300
T5 s	 -0.2000	 -0.1400	 -0.0500
T4	 -0.2400	 -0.2500	 -0.0200
T4 s	 -0.1400	 -0.2000	 -0.0700
T3	 -0.2600	 -0.2100	 -0.0200
T3 s	 -0.2100	 -0.1900	 -0.0700
T2	 -0.2600	 -0.2500	 -0.0200
T2 s	 -0.2000	 -0.1600	 -0.1200
98	 -0.1000	 -0.1000	 -0.0300
98 s	 -0.0400	 0.0500	 0.1600
97	 -0.1900	 -0.1500	 -0.0200
97 s	 -0.0500	 0.0300	 0.1300
96	 -0.2300	 -0.1900	 -0.0100
96 s	 -0.0700	 -0.1100	 0.0000
95	 -0.2400	 -0.2100	 -0.0100
95 s	 -0.1500	 -0.1700	 -0.0200
94	 -0.2400	 -0.2700	 -0.0100
94 s	 -0.2400	 -0.2200	 -0.0700
93	 -0.2300	 -0.2600	 -0.0200
93 s	 -0.2000	 -0.1900	 -0.0800
92	 -0.2500	 -0.2800	 -0.0100
92 s	 -0.1900	 -0.2000	 -0.0600
87	 -0.1900	 -0.1800	 -0.0500
87 s	 -0.1200	 -0.0400	 0.0800
86	 -0.2100	 -0.2100	 -0.0300
86 s	 -0.1300	 -0.0900	 -0.0700
85	 -0.2100	 -0.2200	 -0.0200
85 s	 -0.0900	 -0.1200	 -0.0200
84	 -0.2500	 -0.2500	 -0.0200
84 s	 -0.1900	 -0.1500	 -0.0800
83	 -0.2600	 -0.2900	 -0.0200
83 s	 -0.2600	 -0.2500	 -0.0600
82	 -0.2500	 -0.2700	 -0.0200
82 s	 -0.2200	 -0.1500	 -0.0600
76	 -0.1800	 -0.1300	 -0.0100
76 s	 -0.1000	 -0.1200	 0.0900
75	 -0.2500	 -0.2000	 -0.0200
75 s	 -0.0700	 -0.1600	 0.0100
74	 -0.2500	 -0.2300	 -0.0400
74 s	 -0.2000	 -0.2000	 -0.0700
73	 -0.2400	 -0.2600	 -0.0200
73 s	 -0.2000	 -0.2600	 -0.0600
72	 -0.2500	 -0.2600	 -0.0200
72 s	 -0.2600	 -0.2200	 -0.0700
65	 -0.2100	 -0.1900	 -0.0200
65 s	 -0.0600	 -0.0700	 0.0500
64	 -0.2500	 -0.2300	 -0.0200
64 s	 -0.1400	 -0.0800	 -0.0600
63	 -0.2600	 -0.2500	 -0.0100
63 s	 -0.1900	 -0.1600	 -0.0300
62	 -0.2500	 -0.2600	 -0.0100
62 s	 -0.2200	 -0.2000	 -0.0800
54	 -0.2400	 -0.1900	 -0.0200
54 s	 -0.1800	 -0.1300	 -0.0400
53	 -0.2300	 -0.2400	 -0.0200
53 s	 -0.2500	 -0.1600	 -0.0800
52	 -0.2400	 -0.2500	 -0.0200
52 s	 -0.2400	 -0.2000	 -0.0600
43	 -0.2600	 -0.2700	 -0.0400
43 s	 -0.2000	 -0.2000	 -0.0800
42	 -0.2600	 -0.2500	 -0.0400
42 s	 -0.2400	 -0.2500	 -0.0600
32	 -0.2800	 -0.2900	 -0.0400
32 s	 -0.2000	 -0.2400	 -0.0600

