AA	 1.9900	 1.9700	 1.9200	 2.1000
KK	 1.5200	 1.4900	 1.5500	 1.6700
QQ	 1.2000	 1.1400	 1.1800	 1.2400
JJ	 0.8900	 0.8700	 0.9200	 1.0400
TT	 0.6500	 0.6900	 0.7900	 0.8300
99	 0.4400	 0.4700	 0.5900	 0.6400
88	 0.2900	 0.2800	 0.3700	 0.5000
77	 0.1500	 0.1600	 0.3300	 0.3600
66	 0.0400	 0.0800	 0.1700	 0.1900
55	 0.0000	 -0.0300	 0.0900	 0.1300
44	 -0.0800	 -0.1000	 0.0600	 0.0400
33	 -0.1700	 -0.1700	 -0.0300	 0.0400
22	 -0.1700	 -0.1800	 -0.1200	 -0.0700
AK	 0.4500	 0.4700	 0.5600	 0.6100
AK s	 0.7000	 0.7200	 0.7400	 0.7600
AQ	 0.3100	 0.3400	 0.4100	 0.4500
AQ s	 0.5300	 0.4900	 0.5800	 0.8000
AJ	 0.2300	 0.2500	 0.2800	 0.3800
AJ s	 0.4000	 0.3900	 0.4000	 0.6000
AT	 0.1000	 0.1200	 0.1900	 0.3100
AT s	 0.2900	 0.2500	 0.3400	 0.5400
A9	 0.0000	 0.0100	 0.0700	 0.1500
A9 s	 0.1700	 0.1400	 0.2500	 0.3300
A8	 -0.0900	 0.0000	 0.0100	 0.0800
A8 s	 0.0500	 0.1200	 0.2600	 0.2000
A7	 -0.1100	 -0.0600	 -0.0200	 0.0600
A7 s	 0.0400	 0.0800	 0.1400	 0.1900
A6	 -0.1200	 -0.1500	 -0.0300	 0.0100
A6 s	 0.0100	 0.0700	 0.1000	 0.1900
A5	 -0.1300	 -0.0900	 -0.0500	 0.0200
A5 s	 0.0600	 0.0600	 0.2000	 0.1200
A4	 -0.1500	 -0.1600	 -0.0800	 -0.0500
A4 s	 0.0100	 0.0200	 0.1300	 0.1300
A3	 -0.1600	 -0.1800	 -0.0500	 -0.0600
A3 s	 0.0400	 -0.0100	 0.1300	 0.1200
A2	 -0.1900	 -0.1900	 -0.0800	 -0.0400
A2 s	 -0.0400	 -0.0400	 0.0600	 0.1200
KQ	 0.2300	 0.1400	 0.2600	 0.3300
KQ s	 0.2800	 0.3200	 0.4100	 0.5900
KJ	 0.0700	 0.0700	 0.1900	 0.2600
KJ s	 0.3100	 0.2600	 0.3500	 0.4000
KT	 -0.0100	 0.0600	 0.1100	 0.1400
KT s	 0.1700	 0.2100	 0.2900	 0.3900
K9	 -0.1000	 -0.0900	 0.0200	 0.0400
K9 s	 0.1100	 0.1200	 0.2200	 0.2700
K8	 -0.1700	 -0.1600	 -0.0400	 -0.0300
K8 s	 0.0000	 0.0500	 0.0300	 0.0700
K7	 -0.1600	 -0.1600	 -0.0500	 -0.0400
K7 s	 -0.0200	 -0.0400	 0.0400	 0.1000
K6	 -0.1800	 -0.1800	 -0.0700	 -0.0500
K6 s	 -0.1000	 -0.0200	 0.0700	 0.0000
K5	 -0.2200	 -0.2300	 -0.0900	 -0.0700
K5 s	 -0.1000	 -0.1000	 0.0000	 0.0400
K4	 -0.2200	 -0.2100	 -0.0600	 -0.0600
K4 s	 -0.0800	 -0.1000	 0.0400	 -0.0100
K3	 -0.2500	 -0.2600	 -0.0700	 -0.0500
K3 s	 -0.1300	 -0.1100	 -0.0400	 -0.0100
K2	 -0.2500	 -0.2600	 -0.0800	 -0.0700
K2 s	 -0.0800	 -0.1300	 -0.0600	 0.0000
QJ	 0.0300	 0.0500	 0.1200	 0.1900
QJ s	 0.2200	 0.1600	 0.3100	 0.3100
QT	 -0.0400	 -0.0100	 0.0900	 0.1400
QT s	 0.1200	 0.1500	 0.2800	 0.3500
Q9	 -0.0600	 -0.1400	 -0.0100	 0.0700
Q9 s	 0.0400	 0.0400	 0.2000	 0.2100
Q8	 -0.1800	 -0.1600	 -0.0500	 -0.0100
Q8 s	 -0.0300	 0.0100	 0.1100	 0.0800
Q7	 -0.2000	 -0.1800	 -0.0700	 -0.0300
Q7 s	 -0.0500	 -0.0800	 0.0000	 0.1000
Q6	 -0.2100	 -0.2300	 -0.0700	 -0.0400
Q6 s	 -0.1300	 -0.0700	 0.0000	 0.0100
Q5	 -0.2400	 -0.2200	 -0.0600	 -0.0300
Q5 s	 -0.1200	 -0.1900	 -0.0200	 -0.0300
Q4	 -0.2400	 -0.2700	 -0.0600	 -0.0500
Q4 s	 -0.0800	 -0.0800	 -0.0900	 -0.0800
Q3	 -0.2300	 -0.2800	 -0.0600	 -0.0300
Q3 s	 -0.1800	 -0.1800	 0.0100	 -0.0200
Q2	 -0.2500	 -0.2700	 -0.0700	 -0.0500
Q2 s	 -0.1500	 -0.1500	 -0.0800	 -0.0600
JT	 -0.0200	 -0.0400	 0.1000	 0.1400
JT s	 0.0700	 0.1400	 0.2100	 0.2500
J9	 -0.1000	 -0.1400	 -0.0200	 0.0100
J9 s	 0.0500	 0.0000	 0.0900	 0.1600
J8	 -0.1900	 -0.1600	 -0.0700	 -0.0300
J8 s	 -0.0700	 -0.0400	 0.0400	 0.0800
J7	 -0.2200	 -0.2500	 -0.0500	 -0.0500
J7 s	 -0.0900	 -0.0700	 -0.0100	 0.0600
J6	 -0.2300	 -0.2600	 -0.0500	 -0.0300
J6 s	 -0.1900	 -0.1500	 -0.0400	 -0.0400
J5	 -0.2400	 -0.2900	 -0.0600	 -0.0400
J5 s	 -0.1300	 -0.1600	 -0.0700	 0.0000
J4	 -0.2400	 -0.2800	 -0.0500	 -0.0300
J4 s	 -0.1800	 -0.1800	 -0.0600	 -0.0500
J3	 -0.2600	 -0.2800	 -0.0500	 -0.0300
J3 s	 -0.2100	 -0.1600	 -0.1200	 -0.0400
J2	 -0.2500	 -0.2800	 -0.0600	 -0.0300
J2 s	 -0.1900	 -0.2400	 -0.0700	 -0.0600
T9	 -0.1300	 -0.1300	 0.0000	 0.0500
T9 s	 -0.0100	 0.0500	 0.1600	 0.2600
T8	 -0.1500	 -0.1900	 -0.0400	 0.0100
T8 s	 -0.0400	 -0.0400	 0.0800	 0.1300
T7	 -0.2000	 -0.2200	 -0.0500	 -0.0100
T7 s	 -0.0700	 -0.0800	 0.0700	 0.1000
T6	 -0.2400	 -0.2700	 -0.0100	 -0.0200
T6 s	 -0.1400	 -0.1700	 -0.0600	 0.0000
T5	 -0.2400	 -0.3000	 -0.0400	 -0.0200
T5 s	 -0.1900	 -0.2200	 -0.0600	 -0.0600
T4	 -0.2500	 -0.3000	 -0.0300	 -0.0200
T4 s	 -0.2500	 -0.1800	 -0.0600	 -0.0300
T3	 -0.2600	 -0.2900	 -0.0300	 -0.0200
T3 s	 -0.2300	 -0.2500	 -0.0800	 -0.0500
T2	 -0.2500	 -0.3000	 -0.0300	 -0.0300
T2 s	 -0.2100	 -0.2200	 -0.0600	 -0.0600
98	 -0.1500	 -0.1500	 -0.0600	 -0.0400
98 s	 -0.0600	 0.0300	 0.0900	 0.1200
97	 -0.2100	 -0.2000	 -0.0300	 -0.0200
97 s	 -0.1300	 -0.0700	 0.0000	 0.0600
96	 -0.2300	 -0.2500	 -0.0400	 -0.0200
96 s	 -0.2000	 -0.1500	 -0.0400	 -0.0400
95	 -0.2500	 -0.2800	 -0.0300	 -0.0200
95 s	 -0.2000	 -0.2000	 -0.0900	 -0.0500
94	 -0.2500	 -0.3000	 -0.0300	 -0.0100
94 s	 -0.2100	 -0.2000	 -0.0900	 -0.0600
93	 -0.2600	 -0.3100	 -0.0300	 -0.0100
93 s	 -0.2500	 -0.2400	 -0.0500	 -0.0900
92	 -0.2500	 -0.3200	 -0.0400	 -0.0100
92 s	 -0.1600	 -0.2400	 -0.1000	 -0.0600
87	 -0.2000	 -0.1900	 -0.0700	 -0.0300
87 s	 -0.1100	 -0.0400	 0.1200	 0.0800
86	 -0.2100	 -0.2300	 -0.0400	 -0.0300
86 s	 -0.1700	 -0.0700	 -0.0400	 0.0500
85	 -0.2300	 -0.2700	 -0.0300	 -0.0100
85 s	 -0.1600	 -0.1700	 -0.0900	 0.0000
84	 -0.2600	 -0.2900	 -0.0300	 -0.0100
84 s	 -0.2000	 -0.1800	 -0.0800	 -0.0400
83	 -0.2500	 -0.3300	 -0.0300	 -0.0100
83 s	 -0.2500	 -0.2200	 -0.1100	 -0.0800
82	 -0.2600	 -0.3200	 -0.0300	 -0.0100
82 s	 -0.2700	 -0.2200	 -0.1000	 -0.0800
76	 -0.2100	 -0.2200	 -0.0700	 -0.0500
76 s	 -0.1100	 -0.0400	 0.0200	 0.0500
75	 -0.2500	 -0.2600	 -0.0400	 -0.0300
75 s	 -0.1800	 -0.1800	 -0.0800	 -0.0100
74	 -0.2500	 -0.2900	 -0.0300	 -0.0200
74 s	 -0.2000	 -0.1600	 -0.0700	 -0.0800
73	 -0.2600	 -0.3200	 -0.0400	 -0.0100
73 s	 -0.2500	 -0.2500	 -0.1000	 -0.0700
72	 -0.2500	 -0.3300	 -0.0300	 -0.0100
72 s	 -0.2800	 -0.2400	 -0.1300	 -0.0600
65	 -0.2500	 -0.2400	 -0.0800	 -0.0300
65 s	 -0.1300	 -0.1500	 -0.0500	 0.0000
64	 -0.2500	 -0.2800	 -0.0300	 -0.0200
64 s	 -0.2200	 -0.1600	 -0.0800	 -0.0500
63	 -0.2500	 -0.2900	 -0.0300	 -0.0200
63 s	 -0.2300	 -0.1800	 -0.0900	 -0.0700
62	 -0.2500	 -0.3300	 -0.0300	 -0.0100
62 s	 -0.2700	 -0.2600	 -0.0700	 -0.0800
54	 -0.2500	 -0.2600	 -0.0600	 -0.0400
54 s	 -0.1600	 -0.1100	 0.0000	 -0.0300
53	 -0.2500	 -0.2800	 -0.0300	 -0.0300
53 s	 -0.2000	 -0.2100	 -0.0900	 -0.0700
52	 -0.2700	 -0.3200	 -0.0400	 -0.0200
52 s	 -0.2500	 -0.2300	 -0.1100	 -0.0600
43	 -0.2600	 -0.3000	 -0.0400	 -0.0400
43 s	 -0.2300	 -0.2000	 -0.0400	 -0.0800
42	 -0.2600	 -0.3000	 -0.0400	 -0.0200
42 s	 -0.2400	 -0.2300	 -0.1000	 -0.0900
32	 -0.2800	 -0.3200	 -0.0600	 -0.0400
32 s	 -0.2400	 -0.2900	 -0.1200	 -0.0800

