AA	 2.6200	 2.2600	 2.0500	 2.5800	 2.5300	 2.3800
KK	 1.2800	 1.8800	 1.6300	 1.5300	 1.7500	 1.8100
QQ	 1.2300	 0.8800	 1.2600	 0.8900	 1.0700	 1.3900
JJ	 0.7700	 0.9000	 0.6900	 0.8300	 0.9400	 1.0300
TT	 0.4000	 0.5100	 0.5600	 0.8000	 0.6500	 0.8700
99	 0.1400	 0.1400	 0.2600	 0.4500	 0.4600	 0.3900
88	 0.0300	 0.4600	 0.1600	 0.3500	 0.3300	 0.1300
77	 0.0700	 -0.0500	 0.0300	 0.1600	 0.0900	 0.1300
66	 0.0500	 -0.0700	 -0.0400	 0.0200	 0.0300	 0.1200
55	 -0.1400	 -0.0600	 -0.0300	 0.0200	 -0.0700	 0.0300
44	 -0.0900	 -0.1300	 0.1600	 -0.0900	 0.2700	 0.0300
33	 -0.2400	 -0.1600	 -0.1300	 -0.1600	 -0.0200	 -0.0900
22	 -0.3400	 -0.2000	 -0.0800	 -0.0500	 0.0000	 0.0600
AK	 0.4200	 0.4100	 0.5200	 0.5800	 0.3800	 0.6700
AK s	 0.7000	 0.5500	 0.7700	 0.8500	 1.0200	 1.0000
AQ	 0.2300	 0.1800	 0.3800	 0.4100	 0.3500	 0.3500
AQ s	 0.8500	 0.7800	 0.6000	 0.4000	 0.7300	 1.0400
AJ	 0.0600	 0.1500	 0.2200	 0.1300	 0.2500	 0.3700
AJ s	 0.5200	 0.3200	 0.3300	 0.4800	 0.7300	 0.4200
AT	 0.0000	 -0.0100	 0.1100	 0.1800	 -0.0300	 0.2200
AT s	 0.3200	 0.3100	 0.2700	 0.2300	 0.2400	 0.3800
A9	 -0.1300	 -0.0800	 -0.0400	 0.1100	 0.1000	 -0.0800
A9 s	 0.0300	 0.1800	 0.1400	 0.1700	 0.1200	 0.4200
A8	 -0.2000	 -0.1700	 -0.0200	 -0.0400	 -0.0300	 -0.0300
A8 s	 -0.0200	 0.0700	 0.1300	 -0.0100	 0.0000	 0.0600
A7	 -0.2900	 -0.0800	 -0.0800	 -0.0300	 0.0600	 -0.0400
A7 s	 0.0100	 0.0100	 0.2500	 0.1900	 0.0700	 0.2700
A6	 -0.1700	 -0.2400	 -0.0700	 -0.0500	 -0.0700	 -0.0600
A6 s	 0.1600	 0.0900	 -0.0100	 -0.1000	 0.0400	 -0.0300
A5	 -0.2900	 -0.3100	 -0.0900	 0.0300	 -0.0900	 -0.0900
A5 s	 -0.0500	 -0.0600	 -0.0600	 0.2700	 0.3200	 0.2100
A4	 -0.2200	 -0.0800	 -0.1700	 -0.1100	 -0.0100	 -0.0300
A4 s	 0.0500	 -0.0500	 0.2500	 -0.1400	 0.0100	 0.3300
A3	 -0.1700	 -0.2300	 -0.1700	 -0.1500	 -0.0300	 -0.0800
A3 s	 -0.0400	 0.1300	 -0.0400	 0.0000	 0.0800	 0.0800
A2	 -0.3100	 -0.2700	 -0.2200	 -0.0700	 -0.0800	 -0.0900
A2 s	 -0.0500	 -0.1300	 -0.0100	 -0.1400	 0.0900	 -0.1000
KQ	 0.1100	 0.2300	 0.1100	 0.2000	 0.2600	 0.2500
KQ s	 0.6700	 0.1800	 0.6200	 0.5300	 0.3600	 0.3000
KJ	 -0.0500	 0.0200	 0.0400	 0.1600	 0.2100	 0.3000
KJ s	 0.2400	 0.3700	 0.1900	 0.5100	 0.3400	 0.2700
KT	 0.1100	 -0.0100	 0.0600	 0.0700	 0.0300	 0.1500
KT s	 0.1900	 0.3500	 0.2000	 0.0200	 0.2500	 0.3800
K9	 -0.1200	 -0.2300	 -0.1400	 -0.0900	 -0.0500	 0.0400
K9 s	 0.0300	 0.0400	 -0.0100	 0.2500	 0.1900	 0.0900
K8	 -0.2600	 -0.2400	 -0.1000	 -0.0900	 -0.1400	 -0.0800
K8 s	 -0.0700	 0.0400	 0.0600	 0.0000	 -0.1300	 0.0600
K7	 -0.2400	 -0.2500	 -0.1000	 -0.1600	 -0.1000	 -0.1200
K7 s	 0.0700	 -0.1400	 0.0000	 0.1600	 0.1700	 -0.0100
K6	 -0.1900	 -0.3000	 -0.1200	 -0.0400	 -0.1000	 -0.0900
K6 s	 -0.1300	 0.1300	 -0.1400	 -0.0700	 0.0700	 0.1000
K5	 -0.2600	 -0.3400	 -0.1100	 -0.0800	 -0.1100	 -0.0500
K5 s	 -0.0600	 0.0700	 -0.0200	 0.0400	 0.2300	 0.1000
K4	 -0.2600	 -0.2400	 -0.2000	 -0.0900	 -0.0400	 0.0600
K4 s	 -0.1900	 0.1600	 -0.1400	 -0.1700	 0.0000	 0.1100
K3	 -0.3000	 -0.2700	 -0.1200	 -0.0700	 -0.0100	 -0.0800
K3 s	 -0.1400	 -0.2600	 -0.1700	 -0.1800	 -0.1800	 -0.0600
K2	 -0.2900	 -0.2600	 -0.1200	 -0.1200	 -0.1200	 -0.0300
K2 s	 -0.2100	 -0.2200	 -0.1100	 -0.0500	 -0.1100	 -0.0500
QJ	 -0.1400	 0.0000	 -0.0300	 0.0100	 0.0500	 0.2400
QJ s	 0.2200	 0.2900	 0.1500	 0.3900	 0.3000	 0.5200
QT	 -0.0100	 -0.0800	 -0.0400	 -0.0200	 0.0900	 0.0200
QT s	 0.1600	 0.2700	 0.4000	 0.2700	 0.1600	 0.2300
Q9	 -0.2200	 -0.2400	 -0.1000	 -0.1000	 -0.0200	 0.1000
Q9 s	 0.0400	 -0.1500	 0.2900	 0.0700	 0.0500	 0.1200
Q8	 -0.2400	 -0.2600	 -0.0900	 -0.0200	 -0.0400	 -0.0300
Q8 s	 -0.1700	 0.0900	 0.0200	 0.0400	 0.0400	 0.2200
Q7	 -0.2300	 -0.3200	 -0.1200	 -0.0100	 -0.0600	 -0.0600
Q7 s	 -0.2000	 -0.1000	 -0.1300	 -0.1800	 0.1900	 0.0800
Q6	 -0.2600	 -0.2900	 -0.0800	 -0.1200	 -0.0400	 0.0400
Q6 s	 -0.1100	 -0.0500	 0.0300	 0.0000	 -0.0300	 -0.0300
Q5	 -0.2400	 -0.1800	 -0.0800	 -0.0700	 -0.0500	 -0.0700
Q5 s	 -0.1100	 -0.4200	 -0.0500	 0.0300	 -0.0500	 -0.0200
Q4	 -0.2800	 -0.3300	 -0.0600	 -0.0700	 -0.0900	 -0.0700
Q4 s	 -0.1500	 -0.3300	 -0.0800	 -0.0300	 0.0000	 -0.1100
Q3	 -0.1600	 -0.3400	 -0.1200	 -0.0700	 -0.0600	 -0.0700
Q3 s	 -0.1900	 -0.2400	 0.1300	 0.0100	 -0.0800	 -0.0600
Q2	 -0.2900	 -0.3500	 -0.0600	 -0.0500	 -0.0700	 -0.0200
Q2 s	 -0.1700	 -0.1500	 -0.1500	 -0.2400	 -0.0600	 -0.1100
JT	 -0.1100	 -0.1200	 -0.0800	 0.0500	 0.0300	 0.1300
JT s	 0.0300	 -0.0300	 0.1300	 0.1300	 0.1000	 0.1700
J9	 -0.0900	 -0.1700	 -0.1200	 0.0300	 -0.0700	 -0.0200
J9 s	 -0.0900	 -0.1100	 -0.1600	 0.1500	 0.1600	 0.0600
J8	 -0.2400	 -0.2400	 -0.0400	 -0.0300	 0.0100	 -0.0500
J8 s	 -0.1100	 -0.1300	 -0.1100	 -0.0300	 0.0300	 0.1800
J7	 -0.3300	 -0.3000	 -0.0900	 -0.0600	 -0.0600	 -0.0500
J7 s	 -0.1900	 -0.1600	 -0.0600	 -0.0100	 0.1300	 0.0900
J6	 -0.2800	 -0.3600	 -0.0700	 -0.0700	 -0.0600	 -0.0300
J6 s	 -0.1500	 -0.1400	 -0.1800	 -0.2600	 -0.1300	 -0.0500
J5	 -0.2600	 -0.3600	 -0.1000	 -0.1100	 -0.0700	 -0.0500
J5 s	 -0.1800	 0.0300	 -0.0500	 -0.0900	 -0.0500	 0.0000
J4	 -0.2800	 -0.4000	 -0.0900	 -0.0600	 -0.0300	 -0.0700
J4 s	 -0.2400	 -0.2200	 -0.1400	 -0.2600	 -0.0800	 -0.0400
J3	 -0.2700	 -0.3000	 -0.0900	 -0.0500	 -0.0300	 -0.0400
J3 s	 -0.1300	 -0.2200	 -0.1000	 0.0400	 -0.0500	 -0.1200
J2	 -0.2900	 -0.3500	 -0.1100	 0.0000	 -0.0400	 -0.0500
J2 s	 -0.2100	 -0.3300	 -0.2200	 -0.1100	 -0.1200	 -0.2200
T9	 -0.0300	 -0.1600	 -0.0500	 -0.0700	 -0.0500	 -0.0100
T9 s	 -0.1200	 0.0800	 0.1300	 0.0700	 0.0500	 0.4600
T8	 -0.2400	 -0.2600	 -0.0200	 -0.0400	 -0.0400	 0.0100
T8 s	 -0.1400	 -0.0500	 0.1100	 -0.0900	 0.1000	 0.1800
T7	 -0.2100	 -0.2700	 -0.1000	 -0.0700	 -0.0300	 -0.0300
T7 s	 -0.1000	 -0.1400	 0.0700	 0.0100	 0.0800	 0.0900
T6	 -0.2900	 -0.3500	 -0.1000	 -0.0400	 -0.0200	 -0.0300
T6 s	 -0.1200	 -0.3400	 -0.1000	 -0.1800	 -0.0600	 0.2200
T5	 -0.2800	 -0.3800	 -0.1000	 -0.0300	 -0.0300	 -0.0200
T5 s	 0.0900	 -0.2300	 -0.1100	 -0.0500	 -0.0300	 -0.0900
T4	 -0.2400	 -0.3300	 -0.1000	 -0.0200	 -0.0200	 -0.0400
T4 s	 -0.2500	 -0.2400	 -0.0600	 -0.0800	 -0.1100	 -0.0700
T3	 -0.3000	 -0.3900	 -0.0900	 -0.0400	 -0.0200	 -0.0200
T3 s	 -0.2400	 -0.3700	 -0.1900	 -0.2200	 -0.0700	 -0.1000
T2	 -0.2800	 -0.3300	 -0.0900	 -0.0400	 -0.0300	 -0.0600
T2 s	 0.0400	 -0.2900	 -0.1300	 -0.1900	 -0.0400	 -0.0800
98	 -0.1900	 -0.2000	 -0.1300	 -0.0300	 -0.0700	 0.1000
98 s	 -0.0800	 -0.0700	 0.0200	 0.1000	 -0.0100	 0.0400
97	 -0.2400	 -0.2600	 -0.0500	 -0.0600	 -0.0400	 -0.0200
97 s	 -0.2000	 -0.0900	 -0.1100	 0.0700	 -0.0900	 0.0000
96	 -0.2600	 -0.2600	 -0.0800	 -0.0400	 -0.0300	 -0.0600
96 s	 -0.1600	 -0.1400	 -0.0700	 -0.0900	 -0.0800	 -0.0200
95	 -0.3000	 -0.2500	 -0.0700	 -0.0200	 -0.0200	 0.0500
95 s	 -0.3000	 -0.1500	 0.0700	 -0.1400	 -0.1400	 -0.0300
94	 -0.2700	 -0.3800	 -0.0800	 -0.0500	 -0.0400	 -0.0100
94 s	 -0.2000	 -0.2100	 -0.1500	 -0.0800	 -0.1000	 -0.2000
93	 -0.2900	 -0.3000	 -0.1000	 -0.0400	 0.0000	 -0.0200
93 s	 -0.3600	 -0.3100	 -0.0500	 -0.0700	 -0.0700	 0.0000
92	 -0.3200	 -0.3800	 -0.1000	 -0.0600	 -0.0200	 -0.0300
92 s	 -0.3100	 -0.2000	 -0.1300	 -0.0500	 -0.1100	 -0.1300
87	 -0.1500	 -0.2500	 -0.0900	 -0.0300	 -0.0200	 -0.0500
87 s	 -0.0400	 -0.2100	 0.0400	 0.1000	 0.0500	 -0.1400
86	 -0.2200	 -0.3100	 -0.0800	 -0.0800	 -0.0500	 -0.0500
86 s	 -0.0900	 -0.1300	 -0.1400	 0.0700	 -0.2400	 -0.1000
85	 -0.3200	 -0.2700	 -0.0700	 -0.0300	 -0.0200	 -0.0700
85 s	 -0.2900	 -0.1200	 -0.0800	 -0.1100	 -0.0700	 -0.2200
84	 -0.3300	 -0.3500	 -0.0700	 -0.0200	 -0.0200	 -0.0300
84 s	 -0.1400	 -0.1700	 -0.1200	 -0.0900	 -0.1200	 0.1900
83	 -0.2400	 -0.3400	 -0.0800	 -0.0300	 -0.0100	 0.0400
83 s	 -0.2900	 -0.3700	 -0.1100	 -0.1600	 -0.0900	 -0.0900
82	 -0.2500	 -0.3300	 -0.0900	 -0.0300	 -0.0300	 -0.0200
82 s	 -0.2200	 -0.3000	 -0.2600	 -0.1200	 -0.1200	 -0.1100
76	 -0.3000	 -0.2300	 -0.0400	 -0.0900	 -0.0500	 -0.0800
76 s	 -0.1600	 -0.1400	 -0.0300	 -0.1900	 -0.1500	 0.0200
75	 -0.2400	 -0.3400	 -0.0300	 -0.0500	 -0.0300	 -0.0400
75 s	 -0.1900	 -0.2300	 -0.2000	 -0.2800	 -0.0200	 0.1000
74	 -0.2900	 -0.3300	 -0.0400	 -0.0200	 -0.0300	 -0.0300
74 s	 0.0200	 -0.2200	 -0.1500	 -0.0900	 -0.1000	 -0.0700
73	 -0.3200	 -0.2400	 -0.0900	 -0.0500	 -0.0300	 -0.0300
73 s	 0.1600	 -0.3600	 -0.1000	 -0.0900	 -0.0900	 -0.0300
72	 -0.3000	 -0.3900	 -0.0700	 -0.0200	 -0.0200	 -0.0300
72 s	 -0.2400	 -0.2200	 -0.1800	 -0.1000	 -0.1000	 0.0000
65	 -0.2800	 -0.2800	 -0.1500	 -0.0600	 -0.0600	 -0.1600
65 s	 -0.1600	 -0.1400	 0.0700	 -0.0200	 0.0100	 0.1300
64	 -0.2800	 -0.3400	 -0.0700	 -0.0300	 -0.0400	 -0.0400
64 s	 -0.2000	 -0.2300	 -0.1500	 0.0300	 -0.0100	 -0.0300
63	 -0.2500	 -0.3600	 -0.1100	 -0.0400	 -0.0300	 -0.0100
63 s	 -0.3100	 -0.1200	 -0.1000	 -0.1100	 -0.0400	 -0.0600
62	 -0.2600	 -0.3800	 -0.0600	 -0.0200	 -0.0300	 -0.0100
62 s	 -0.2500	 -0.2100	 -0.1500	 -0.1100	 -0.0700	 0.0200
54	 -0.2300	 -0.2700	 -0.1300	 -0.0500	 -0.0600	 -0.0700
54 s	 0.3600	 -0.1800	 -0.1200	 0.0400	 -0.0300	 0.0600
53	 -0.1400	 -0.3300	 -0.1000	 -0.0600	 -0.0400	 -0.0300
53 s	 -0.2800	 -0.1200	 0.0200	 0.0300	 -0.1200	 -0.0700
52	 -0.2900	 -0.3400	 -0.1000	 -0.0400	 -0.0700	 -0.0200
52 s	 -0.2700	 -0.3900	 -0.3000	 -0.1300	 -0.1700	 -0.1700
43	 -0.2300	 -0.3400	 -0.1100	 -0.0700	 -0.0500	 -0.0400
43 s	 -0.2700	 -0.3100	 -0.0700	 -0.2000	 -0.1000	 0.1000
42	 -0.2100	 -0.3700	 -0.0700	 -0.0400	 -0.0200	 -0.0200
42 s	 -0.2800	 -0.4100	 -0.1900	 -0.0300	 -0.1100	 -0.1300
32	 -0.2800	 -0.3200	 -0.1400	 -0.0700	 -0.0600	 -0.0500
32 s	 -0.3100	 -0.3600	 -0.1500	 -0.0800	 -0.0600	 -0.0100

