AA	 2.3300	 2.7900	 1.9500	 2.2100	 2.2300	 2.4300	 2.7300
KK	 1.7700	 1.6400	 1.5800	 1.6100	 1.7100	 1.8000	 1.8400
QQ	 1.3400	 1.0400	 1.2100	 1.1200	 1.2700	 1.5000	 1.4100
JJ	 0.5400	 0.5500	 0.7200	 0.8900	 1.0800	 0.9600	 1.1400
TT	 0.4200	 0.3700	 0.4200	 0.6300	 0.2700	 0.3200	 0.7500
99	 0.2700	 0.2500	 0.4500	 0.4300	 0.3500	 0.6500	 0.3300
88	 -0.0500	 0.3200	 0.2500	 0.2300	 0.3200	 0.1900	 0.1700
77	 -0.0900	 -0.0600	 0.2100	 0.0100	 0.0300	 0.2800	 0.1900
66	 0.0500	 -0.0700	 0.0700	 -0.1500	 0.0900	 0.0600	 -0.0300
55	 -0.1600	 -0.0800	 -0.0800	 0.0100	 0.0500	 0.0100	 0.1700
44	 -0.0900	 -0.1400	 -0.1700	 -0.0100	 -0.1200	 0.1200	 -0.0200
33	 -0.1900	 -0.1000	 -0.0800	 -0.0400	 -0.0700	 0.0600	 0.0100
22	 0.0100	 -0.1900	 -0.0800	 -0.0300	 -0.0600	 -0.0600	 -0.1100
AK	 0.3700	 0.6200	 0.5200	 0.6500	 0.6500	 0.5000	 0.6300
AK s	 0.6900	 0.5800	 0.6800	 0.8000	 1.1700	 0.7300	 0.9400
AQ	 0.2700	 0.1600	 0.2600	 0.5200	 0.2600	 0.4200	 0.4100
AQ s	 0.4300	 0.5600	 0.6200	 0.7100	 0.7600	 0.3800	 0.6100
AJ	 0.0400	 -0.0400	 0.2200	 0.1500	 0.2000	 0.2700	 0.3300
AJ s	 0.3000	 0.3400	 0.2800	 0.4400	 0.5000	 0.7200	 0.5200
AT	 -0.1100	 0.1000	 0.0700	 0.0900	 0.1700	 0.0200	 0.1200
AT s	 0.2200	 0.2800	 0.3800	 0.2900	 0.1000	 0.4500	 0.4800
A9	 -0.1300	 -0.0700	 -0.0700	 0.0100	 -0.1100	 -0.1000	 0.0100
A9 s	 0.1200	 0.0300	 0.0800	 0.2100	 0.0200	 0.0900	 0.1700
A8	 -0.1900	 -0.1800	 -0.0400	 -0.0500	 -0.0100	 -0.0700	 -0.0100
A8 s	 0.0700	 -0.0300	 0.1100	 0.1900	 -0.0500	 0.0400	 0.1600
A7	 -0.2700	 -0.2000	 -0.0400	 -0.1100	 -0.0600	 -0.0500	 -0.1100
A7 s	 0.0000	 0.0600	 0.1200	 0.1800	 -0.0100	 0.2300	 0.0700
A6	 -0.2100	 -0.2500	 -0.2000	 -0.1100	 -0.1200	 -0.0400	 -0.0400
A6 s	 -0.0200	 -0.1900	 0.0000	 0.0300	 0.0300	 -0.0300	 0.1300
A5	 -0.2300	 -0.2100	 -0.1400	 -0.1400	 -0.1500	 -0.0900	 -0.0800
A5 s	 0.0300	 0.0600	 0.0000	 0.2300	 0.1900	 -0.0600	 0.2100
A4	 -0.2200	 -0.2300	 -0.1800	 -0.1300	 -0.0900	 -0.0900	 -0.1000
A4 s	 -0.0400	 -0.0600	 0.1200	 0.1100	 0.1500	 0.0200	 0.0900
A3	 -0.2300	 -0.2700	 -0.1500	 -0.1100	 -0.0900	 -0.0700	 -0.1500
A3 s	 -0.0900	 -0.1100	 -0.0500	 0.1000	 0.0000	 0.0300	 0.0600
A2	 -0.2900	 -0.2300	 -0.1100	 -0.0300	 -0.1400	 -0.1200	 -0.1200
A2 s	 -0.1400	 -0.1300	 -0.0500	 0.0200	 -0.0300	 -0.1500	 0.2700
KQ	 0.0800	 0.0500	 0.1600	 0.1800	 0.0700	 0.2500	 0.2800
KQ s	 0.4000	 0.0700	 0.3000	 0.1200	 0.2600	 0.3200	 0.5800
KJ	 -0.0300	 0.0600	 -0.0200	 0.1600	 0.1100	 0.1300	 0.1500
KJ s	 0.1700	 0.3000	 0.2700	 0.2200	 0.3600	 0.5200	 0.3500
KT	 -0.0300	 -0.0500	 0.0000	 -0.0300	 -0.0300	 0.0900	 0.0200
KT s	 0.0900	 0.2000	 0.0500	 -0.0500	 0.1700	 0.2700	 0.1600
K9	 -0.1000	 -0.1500	 -0.1200	 -0.0900	 -0.0600	 -0.0900	 -0.0400
K9 s	 0.0300	 -0.0800	 0.0600	 0.1200	 -0.0900	 0.0700	 0.1800
K8	 -0.2800	 -0.2500	 -0.1100	 -0.0700	 -0.0600	 -0.1200	 0.0100
K8 s	 -0.0600	 -0.1900	 0.0200	 0.0500	 -0.0400	 0.1300	 0.1600
K7	 -0.3000	 -0.2700	 -0.1000	 -0.0800	 -0.0500	 -0.0600	 -0.0300
K7 s	 -0.1100	 -0.0700	 0.0700	 0.1100	 -0.0200	 -0.0300	 0.1600
K6	 -0.1900	 -0.2300	 -0.1600	 -0.0900	 -0.0500	 -0.0600	 -0.0500
K6 s	 -0.1100	 -0.1100	 -0.0400	 -0.0900	 0.0200	 -0.0200	 0.0000
K5	 -0.2400	 -0.2800	 -0.0900	 -0.1100	 -0.0700	 -0.0700	 -0.0300
K5 s	 -0.1500	 -0.2100	 -0.1700	 0.0600	 -0.0400	 -0.0600	 0.0800
K4	 -0.2800	 -0.3200	 -0.1000	 -0.0800	 -0.0500	 -0.0700	 -0.0600
K4 s	 -0.2100	 -0.0500	 -0.1500	 -0.0300	 -0.0400	 0.0600	 -0.1500
K3	 -0.2600	 -0.3200	 -0.1100	 -0.0700	 -0.0400	 -0.0900	 -0.0400
K3 s	 -0.1100	 -0.1000	 -0.1200	 -0.0100	 -0.0200	 -0.0700	 -0.0800
K2	 -0.2800	 -0.2700	 -0.0700	 -0.0700	 -0.0700	 -0.0900	 -0.0600
K2 s	 -0.1200	 -0.0400	 -0.1900	 -0.1200	 -0.1200	 -0.1200	 -0.0500
QJ	 -0.1100	 -0.1600	 0.0000	 0.0600	 0.0600	 0.0100	 0.0800
QJ s	 -0.0400	 0.1400	 0.4500	 0.2600	 0.2600	 0.3500	 0.4100
QT	 -0.1400	 -0.0800	 -0.0900	 -0.0900	 -0.0900	 0.0100	 0.1100
QT s	 -0.0900	 0.1100	 0.3200	 0.2300	 0.1800	 0.0800	 0.1300
Q9	 -0.2000	 -0.1100	 -0.0600	 -0.0800	 -0.0800	 -0.0400	 -0.0600
Q9 s	 0.0600	 -0.0300	 0.0900	 0.2400	 0.0200	 0.3100	 0.1700
Q8	 -0.2600	 -0.2400	 -0.1100	 -0.0800	 -0.0400	 -0.0900	 -0.0600
Q8 s	 -0.1900	 -0.1100	 0.1400	 -0.0300	 0.2200	 0.0300	 0.0100
Q7	 -0.2300	 -0.3300	 -0.1000	 -0.0600	 -0.0300	 -0.0300	 -0.0300
Q7 s	 -0.1600	 -0.1700	 -0.1100	 0.0100	 -0.0200	 0.0600	 0.0800
Q6	 -0.2700	 -0.3200	 -0.0300	 -0.0800	 -0.0700	 -0.0800	 -0.0300
Q6 s	 -0.0300	 -0.2900	 -0.1000	 -0.0800	 -0.0300	 0.1800	 -0.1100
Q5	 -0.3000	 -0.3000	 -0.1100	 -0.0500	 -0.0200	 -0.0400	 -0.0600
Q5 s	 -0.0700	 -0.1700	 -0.0100	 0.1100	 -0.0800	 -0.0500	 0.0000
Q4	 -0.3000	 -0.2600	 -0.1100	 -0.0500	 -0.0600	 -0.0100	 -0.0600
Q4 s	 -0.0400	 -0.1900	 -0.1200	 -0.0700	 -0.1500	 -0.0800	 0.0400
Q3	 -0.2600	 -0.3200	 -0.1100	 -0.0900	 -0.0400	 -0.0600	 -0.0300
Q3 s	 -0.2400	 -0.0300	 -0.1000	 -0.1100	 -0.1300	 0.0200	 -0.0200
Q2	 -0.3000	 -0.3700	 -0.0900	 -0.0400	 -0.0400	 -0.0500	 -0.0400
Q2 s	 -0.1200	 -0.2200	 -0.1300	 0.0000	 0.0300	 -0.0300	 -0.1000
JT	 -0.0700	 -0.1900	 0.0300	 -0.0600	 0.0100	 0.0400	 0.0600
JT s	 0.2200	 0.2000	 0.2900	 0.2100	 0.2000	 0.1200	 0.3100
J9	 -0.2100	 -0.2700	 -0.0700	 -0.0900	 -0.0400	 -0.0200	 -0.0700
J9 s	 -0.0900	 0.0700	 0.0000	 0.0600	 -0.1300	 0.0600	 0.3000
J8	 -0.2100	 -0.2700	 -0.0400	 -0.0700	 -0.0900	 -0.0100	 -0.0500
J8 s	 -0.0800	 -0.2300	 -0.0300	 0.0300	 0.0000	 -0.2800	 0.0100
J7	 -0.2300	 -0.2600	 -0.0300	 -0.0600	 -0.0400	 -0.0600	 -0.0400
J7 s	 -0.2700	 -0.1700	 0.0300	 -0.0700	 -0.0700	 0.0300	 0.0700
J6	 -0.3100	 -0.2700	 -0.1100	 -0.0400	 -0.0500	 -0.0400	 -0.0300
J6 s	 -0.1700	 -0.2500	 -0.1800	 -0.0400	 -0.0700	 -0.1100	 0.0100
J5	 -0.2900	 -0.3300	 -0.1000	 -0.0300	 -0.0400	 -0.0200	 -0.0500
J5 s	 -0.2300	 -0.1900	 -0.1200	 -0.2600	 -0.0300	 0.1800	 0.0800
J4	 -0.3300	 -0.3100	 -0.1100	 -0.0600	 -0.0100	 -0.0500	 -0.0400
J4 s	 -0.3100	 -0.3000	 -0.1400	 -0.0900	 -0.1800	 -0.0200	 -0.0700
J3	 -0.3000	 -0.3600	 -0.0600	 -0.0400	 -0.0500	 -0.0300	 -0.0800
J3 s	 -0.2300	 -0.2500	 -0.1700	 -0.0600	 -0.0800	 -0.0600	 -0.2100
J2	 -0.2700	 -0.3500	 -0.1100	 -0.0400	 -0.0500	 -0.0700	 0.0100
J2 s	 -0.2100	 -0.2600	 -0.1000	 -0.1100	 -0.0800	 0.0000	 -0.0500
T9	 0.0700	 -0.2300	 -0.1300	 0.0300	 -0.0100	 0.0300	 -0.0500
T9 s	 -0.0600	 0.0700	 0.0700	 0.2800	 -0.0100	 0.0000	 0.0500
T8	 -0.2300	 -0.1500	 -0.1200	 -0.1000	 0.0000	 -0.0200	 -0.0100
T8 s	 -0.1800	 -0.0900	 -0.1000	 -0.0200	 -0.0300	 -0.1100	 0.0400
T7	 -0.2700	 -0.2600	 -0.1200	 -0.0400	 -0.0100	 -0.0300	 -0.0800
T7 s	 -0.1300	 -0.1900	 -0.0600	 -0.0600	 -0.0500	 0.0200	 0.0400
T6	 -0.2500	 -0.3600	 -0.0800	 0.0100	 -0.0200	 -0.0400	 -0.0300
T6 s	 -0.3200	 -0.1300	 -0.0400	 -0.2300	 -0.0400	 -0.0200	 -0.0800
T5	 -0.2600	 -0.3600	 -0.0800	 -0.0300	 -0.0300	 -0.0300	 -0.0300
T5 s	 -0.2900	 -0.2500	 -0.1100	 0.0400	 -0.1600	 -0.0900	 -0.0800
T4	 -0.2900	 -0.3600	 -0.1000	 -0.0200	 -0.0300	 -0.0100	 -0.0400
T4 s	 -0.1600	 -0.3100	 0.1300	 -0.1200	 -0.0900	 -0.1100	 0.0400
T3	 -0.2900	 -0.3800	 -0.0800	 -0.0400	 -0.0200	 -0.0200	 -0.0200
T3 s	 -0.2400	 -0.0900	 -0.1200	 -0.0800	 0.1500	 -0.1300	 0.0400
T2	 -0.2600	 -0.3500	 -0.0800	 -0.0200	 0.0100	 0.0100	 -0.0200
T2 s	 -0.3000	 -0.2900	 -0.1400	 -0.1000	 -0.0600	 -0.0500	 -0.0600
98	 -0.1100	 -0.3200	 -0.0900	 0.0000	 -0.0800	 -0.0500	 -0.0600
98 s	 -0.1000	 -0.1300	 0.0000	 0.0800	 -0.0400	 0.1300	 0.1000
97	 -0.2200	 -0.2800	 -0.0800	 -0.0500	 -0.0300	 -0.0200	 -0.0300
97 s	 -0.0600	 -0.0800	 -0.1700	 -0.0200	 -0.0900	 0.0700	 0.0900
96	 -0.2800	 -0.3500	 -0.0700	 -0.0300	 -0.0500	 -0.0400	 -0.0700
96 s	 -0.1100	 -0.1900	 -0.0600	 0.0100	 0.0400	 0.0000	 -0.0400
95	 -0.2600	 -0.3500	 -0.0800	 -0.0200	 -0.0200	 -0.0200	 -0.0100
95 s	 -0.1800	 -0.2900	 -0.0900	 -0.1300	 -0.1000	 -0.0600	 -0.0600
94	 -0.2900	 -0.3600	 -0.0700	 -0.0300	 -0.0200	 -0.0200	 -0.0100
94 s	 -0.2400	 -0.3800	 -0.1200	 -0.0600	 -0.0600	 -0.1700	 -0.0600
93	 -0.3000	 -0.3500	 -0.0800	 -0.0300	 -0.0100	 -0.0200	 -0.0100
93 s	 -0.2800	 0.0200	 -0.1400	 -0.0800	 -0.0700	 -0.0800	 -0.0900
92	 -0.2700	 -0.3700	 -0.0700	 -0.0200	 -0.0100	 -0.0100	 -0.0200
92 s	 -0.2900	 -0.3700	 -0.1400	 -0.1700	 -0.0900	 -0.0500	 0.0000
87	 -0.2400	 -0.2100	 -0.1200	 -0.1000	 -0.0400	 -0.0400	 -0.0900
87 s	 -0.2800	 0.1500	 -0.0600	 -0.2200	 -0.0500	 0.1400	 0.0200
86	 -0.2600	 -0.3000	 -0.0800	 -0.0300	 0.0100	 -0.0400	 -0.0100
86 s	 -0.1700	 -0.0600	 -0.2300	 -0.0300	 -0.0600	 -0.0100	 -0.0400
85	 -0.2900	 -0.3200	 -0.0800	 -0.0100	 -0.0400	 -0.0200	 0.0000
85 s	 -0.3400	 -0.2000	 -0.1100	 0.0000	 -0.0800	 -0.0400	 -0.0500
84	 -0.2700	 -0.3600	 -0.1100	 -0.0400	 -0.0200	 -0.0300	 -0.0200
84 s	 -0.2600	 -0.0200	 -0.1100	 -0.0700	 -0.0600	 -0.0700	 0.1000
83	 -0.2800	 -0.2900	 -0.0800	 -0.0300	 -0.0100	 -0.0100	 -0.0200
83 s	 -0.3100	 -0.2800	 -0.1900	 -0.1200	 -0.1400	 -0.0300	 -0.1500
82	 -0.2700	 -0.3600	 -0.0800	 -0.0100	 -0.0100	 -0.0200	 -0.0200
82 s	 -0.3400	 -0.1500	 -0.2800	 -0.0600	 -0.0900	 -0.1000	 -0.1000
76	 -0.2400	 -0.3200	 -0.1000	 -0.0700	 -0.0600	 -0.0400	 -0.0800
76 s	 -0.2900	 -0.0600	 -0.2000	 -0.0500	 -0.1200	 0.2900	 0.0300
75	 -0.2700	 -0.3300	 -0.0400	 -0.0700	 0.0300	 -0.0400	 -0.0300
75 s	 -0.1000	 -0.1300	 -0.1500	 -0.0700	 -0.0400	 -0.1200	 -0.0700
74	 -0.2700	 -0.3600	 -0.0500	 -0.0300	 -0.0300	 -0.0100	 -0.0200
74 s	 -0.2400	 -0.1300	 -0.0300	 -0.1600	 -0.1400	 -0.0800	 -0.0400
73	 -0.2800	 -0.3900	 -0.0500	 -0.0100	 -0.0100	 -0.0200	 -0.0200
73 s	 -0.2100	 -0.3000	 -0.1300	 -0.1600	 -0.1400	 -0.1300	 -0.1100
72	 -0.2900	 -0.3600	 -0.1000	 -0.0100	 -0.0100	 -0.0100	 -0.0100
72 s	 -0.3000	 -0.2000	 -0.1600	 -0.1700	 -0.0700	 -0.1000	 -0.0200
65	 -0.2700	 -0.3100	 -0.0900	 -0.0800	 -0.0100	 -0.0400	 -0.0800
65 s	 -0.1400	 -0.2000	 -0.0200	 -0.1100	 0.0600	 -0.0500	 -0.1800
64	 -0.2400	 -0.3200	 -0.0900	 -0.0500	 -0.0300	 -0.0400	 -0.0300
64 s	 -0.2000	 -0.2600	 -0.0900	 -0.0300	 -0.2000	 -0.0700	 -0.0500
63	 -0.2800	 -0.3500	 -0.1100	 -0.0400	 -0.0100	 -0.0300	 -0.0300
63 s	 -0.2300	 -0.2300	 -0.0800	 0.0100	 -0.0500	 -0.1200	 0.0100
62	 -0.2800	 -0.3900	 -0.0700	 -0.0200	 -0.0200	 -0.0200	 -0.0200
62 s	 -0.3200	 -0.3400	 -0.1500	 -0.0700	 -0.1200	 -0.0600	 -0.0800
54	 -0.2700	 -0.3200	 0.0100	 -0.0500	 -0.0600	 -0.1100	 -0.0400
54 s	 -0.1600	 -0.0600	 -0.0200	 -0.1000	 -0.1400	 -0.0800	 0.0100
53	 -0.2600	 -0.3200	 -0.0700	 -0.0300	 -0.0300	 -0.0100	 0.0000
53 s	 -0.2800	 -0.2400	 -0.1200	 -0.0900	 -0.1000	 0.1400	 0.0100
52	 -0.2800	 -0.3600	 -0.0700	 -0.0300	 -0.0100	 -0.0200	 -0.0500
52 s	 -0.2500	 -0.3200	 -0.1800	 -0.0900	 -0.0400	 0.0000	 -0.0700
43	 -0.2400	 -0.3400	 -0.1500	 -0.0700	 0.0000	 -0.0700	 -0.0200
43 s	 -0.2300	 -0.2700	 -0.1600	 -0.1500	 -0.0900	 -0.1000	 -0.0800
42	 -0.2600	 -0.3700	 -0.0800	 -0.0200	 -0.0200	 -0.0300	 -0.0200
42 s	 -0.2100	 -0.2600	 -0.1900	 -0.0600	 -0.0800	 -0.1000	 -0.1000
32	 -0.2900	 -0.3800	 -0.0600	 -0.0400	 -0.0500	 -0.0400	 -0.0700
32 s	 -0.2000	 -0.3300	 -0.0800	 -0.0800	 -0.1200	 -0.1000	 -0.1300

