AA	 2.6500	 2.6700	 2.3500	 2.5500	 2.4800	 2.5400	 2.6400	 2.7300	 2.8100
KK	 1.6900	 1.6200	 1.7000	 1.6600	 1.7300	 1.7500	 1.9600	 1.9500	 2.0600
QQ	 0.9900	 1.1400	 1.2700	 1.1300	 1.2000	 1.2400	 1.3300	 1.2600	 1.3600
JJ	 0.6700	 0.6500	 0.7200	 0.7600	 0.8700	 0.8000	 0.8100	 0.9700	 0.9100
TT	 0.4100	 0.3700	 0.3800	 0.5500	 0.5000	 0.4600	 0.6500	 0.6200	 0.6000
99	 0.1900	 0.1900	 0.3200	 0.3100	 0.2300	 0.3400	 0.3300	 0.3300	 0.3100
88	 -0.0700	 0.1500	 0.1700	 0.1700	 0.2000	 0.2400	 0.2000	 0.2500	 0.1800
77	 0.0100	 0.0400	 0.0000	 0.1900	 0.0300	 0.0500	 0.0300	 0.1600	 0.1600
66	 -0.0700	 -0.0400	 0.0200	 0.0800	 0.0200	 0.0400	 0.0700	 0.0800	 0.0300
55	 -0.1100	 0.0100	 0.0600	 0.1700	 -0.0300	 0.0100	 0.0600	 0.0000	 -0.0200
44	 -0.0400	 -0.2000	 -0.0100	 -0.0800	 -0.0700	 -0.0300	 0.0000	 0.0400	 -0.0800
33	 -0.1900	 -0.1400	 -0.0800	 -0.0600	 -0.0200	 -0.0900	 0.0100	 -0.0200	 0.0000
22	 -0.1100	 -0.1000	 -0.1400	 -0.0500	 -0.1600	 -0.0100	 -0.0400	 -0.0300	 -0.0800
AK	 0.3800	 0.4300	 0.4400	 0.4400	 0.4900	 0.5500	 0.5800	 0.6000	 0.6100
AK s	 0.8100	 0.6500	 0.6500	 0.7700	 0.7700	 0.9100	 1.0200	 0.8000	 0.8500
AQ	 0.1800	 0.2100	 0.2600	 0.2800	 0.3000	 0.3400	 0.3400	 0.3500	 0.3500
AQ s	 0.5100	 0.4500	 0.6700	 0.6100	 0.6300	 0.7100	 0.6200	 0.6100	 0.7100
AJ	 0.0500	 0.0000	 0.0800	 0.0800	 0.1700	 0.1800	 0.2000	 0.2500	 0.2900
AJ s	 0.4200	 0.4100	 0.2700	 0.3200	 0.3800	 0.3400	 0.3500	 0.4600	 0.5100
AT	 -0.0400	 -0.0800	 -0.0300	 0.0200	 0.0300	 0.0200	 0.0400	 0.0300	 0.1000
AT s	 0.2800	 0.1200	 0.2300	 0.2700	 0.3100	 0.3500	 0.2300	 0.4700	 0.4500
A9	 -0.1700	 -0.2100	 0.0000	 -0.0300	 -0.1000	 -0.1000	 0.0200	 -0.0800	 -0.0500
A9 s	 0.1000	 0.0100	 0.0900	 0.0900	 0.0800	 0.1000	 0.2000	 0.4300	 0.1500
A8	 -0.2000	 -0.2300	 -0.0900	 -0.1600	 -0.0900	 -0.1000	 -0.1100	 0.0100	 -0.0400
A8 s	 0.0400	 -0.0100	 0.1000	 0.0100	 0.0400	 0.0800	 0.0400	 0.0800	 0.1700
A7	 -0.2400	 -0.2900	 -0.1800	 -0.1200	 -0.0700	 -0.1200	 -0.1000	 -0.1100	 -0.0900
A7 s	 -0.0300	 -0.0500	 0.1100	 0.0200	 0.0400	 0.0600	 0.1800	 0.0700	 0.1800
A6	 -0.2500	 -0.2600	 -0.1500	 -0.1300	 -0.1200	 -0.1100	 -0.0800	 -0.0900	 -0.0900
A6 s	 -0.0500	 -0.1600	 0.0700	 -0.0700	 -0.0100	 0.0400	 0.1000	 0.1300	 0.0200
A5	 -0.2800	 -0.2700	 -0.1500	 -0.0800	 -0.1200	 -0.1000	 -0.1100	 -0.1100	 -0.0800
A5 s	 -0.0100	 -0.0800	 -0.0600	 0.0000	 0.0200	 0.0700	 0.1000	 0.0200	 0.0900
A4	 -0.2400	 -0.3000	 -0.1100	 -0.1300	 -0.1200	 -0.1200	 -0.0800	 -0.0900	 -0.0900
A4 s	 -0.0500	 -0.1800	 0.0000	 -0.0400	 0.0300	 0.0100	 0.0800	 -0.0200	 0.0000
A3	 -0.2600	 -0.2700	 -0.1200	 -0.1200	 -0.1200	 -0.1000	 -0.1000	 -0.1000	 -0.1100
A3 s	 -0.0900	 -0.1100	 0.0100	 0.0700	 -0.0200	 -0.0100	 -0.0100	 -0.0300	 0.0700
A2	 -0.2700	 -0.3300	 -0.1600	 -0.1400	 -0.1400	 -0.1300	 -0.1100	 -0.0800	 -0.1100
A2 s	 -0.1300	 -0.0400	 -0.0700	 0.0700	 -0.0500	 -0.0700	 -0.0200	 0.0500	 0.0600
KQ	 0.0600	 -0.0100	 0.1600	 0.1100	 0.1500	 0.1300	 0.1300	 0.2000	 0.2200
KQ s	 0.3500	 0.3700	 0.4200	 0.3800	 0.4400	 0.3800	 0.4100	 0.4200	 0.6800
KJ	 0.0000	 -0.0800	 0.0300	 0.0200	 0.0900	 0.0300	 0.0900	 0.1000	 0.0900
KJ s	 0.1700	 0.1700	 0.1900	 0.1000	 0.2000	 0.2400	 0.3500	 0.2800	 0.4400
KT	 -0.0700	 -0.1000	 -0.0600	 0.0100	 -0.0200	 -0.0600	 -0.0300	 0.0000	 0.0400
KT s	 0.0800	 0.0100	 0.1000	 0.0600	 0.3700	 0.1000	 0.1400	 0.2800	 0.1500
K9	 -0.1900	 -0.2200	 -0.1100	 -0.0900	 -0.0900	 -0.0700	 -0.0700	 -0.0600	 -0.0700
K9 s	 -0.0300	 -0.0400	 0.0700	 0.0500	 0.0700	 0.0300	 0.1000	 0.1000	 0.0700
K8	 -0.2700	 -0.2700	 -0.1300	 -0.0900	 -0.0700	 -0.0900	 -0.0900	 -0.0600	 -0.0500
K8 s	 -0.1300	 -0.1100	 0.0300	 -0.0100	 0.0600	 -0.0100	 -0.0100	 -0.0200	 0.0400
K7	 -0.2900	 -0.3000	 -0.1300	 -0.0800	 -0.0800	 -0.0600	 -0.0600	 -0.0600	 -0.0800
K7 s	 -0.1100	 -0.0700	 -0.1200	 0.0000	 0.0000	 -0.0700	 -0.0400	 -0.0200	 0.0000
K6	 -0.2300	 -0.3100	 -0.1300	 -0.0600	 -0.0900	 -0.0700	 -0.0600	 -0.0400	 -0.0500
K6 s	 -0.1700	 -0.2200	 0.0200	 -0.0400	 -0.0800	 -0.0600	 -0.1200	 -0.1000	 0.1600
K5	 -0.2500	 -0.3200	 -0.1000	 -0.0700	 -0.0600	 -0.0700	 -0.0600	 -0.0700	 -0.0500
K5 s	 -0.1700	 -0.1600	 -0.1300	 -0.0200	 -0.1200	 -0.0300	 -0.0700	 -0.0400	 -0.0800
K4	 -0.2900	 -0.3200	 -0.1200	 -0.0700	 -0.0500	 -0.0800	 -0.0700	 -0.0500	 -0.0600
K4 s	 -0.1800	 -0.2000	 -0.0200	 -0.0300	 -0.1200	 -0.0500	 -0.0200	 -0.0300	 -0.0600
K3	 -0.2900	 -0.3300	 -0.0900	 -0.0700	 -0.0700	 -0.0700	 -0.0300	 -0.0500	 -0.0300
K3 s	 -0.1600	 -0.2500	 -0.1300	 -0.0200	 -0.0500	 -0.1000	 -0.0400	 -0.0300	 -0.0400
K2	 -0.2900	 -0.3500	 -0.1000	 -0.0700	 -0.0700	 -0.0600	 -0.0600	 -0.0600	 -0.0500
K2 s	 -0.1700	 -0.2200	 -0.0300	 -0.1400	 0.0100	 -0.0900	 -0.1300	 -0.0900	 -0.0200
QJ	 -0.1200	 -0.1300	 -0.0200	 -0.0700	 -0.0100	 -0.0300	 -0.0200	 0.0400	 0.0300
QJ s	 0.0600	 0.0600	 0.2500	 0.1300	 0.2000	 0.2100	 0.2500	 0.2100	 0.3900
QT	 -0.1400	 -0.1400	 -0.1200	 -0.0600	 -0.0500	 -0.1000	 -0.0300	 0.0200	 0.0300
QT s	 0.1800	 0.0900	 0.1000	 0.2400	 0.0600	 0.1100	 0.2900	 0.1700	 0.2600
Q9	 -0.2000	 -0.2100	 -0.1300	 -0.0600	 -0.0900	 -0.0900	 -0.0900	 -0.0700	 -0.0300
Q9 s	 -0.0200	 -0.1400	 0.0400	 0.0700	 0.0500	 0.0500	 -0.0100	 -0.0400	 0.0800
Q8	 -0.2800	 -0.3200	 -0.0900	 -0.0600	 -0.0700	 -0.0500	 -0.0500	 -0.0700	 -0.0400
Q8 s	 -0.1000	 -0.1600	 -0.0300	 -0.0300	 0.0400	 -0.0200	 -0.0800	 0.0100	 0.0600
Q7	 -0.2900	 -0.3700	 -0.0900	 -0.0500	 -0.0300	 -0.0500	 -0.0700	 -0.0500	 -0.0300
Q7 s	 -0.2000	 -0.1700	 -0.0900	 -0.1200	 -0.1600	 -0.1300	 -0.0400	 -0.0900	 -0.0500
Q6	 -0.2900	 -0.3500	 -0.0800	 -0.0600	 -0.0500	 -0.0700	 -0.0400	 -0.0400	 -0.0500
Q6 s	 -0.2300	 -0.2000	 -0.0900	 -0.0700	 -0.1700	 -0.0200	 -0.0900	 -0.0500	 0.0700
Q5	 -0.2900	 -0.3400	 -0.0900	 -0.0400	 -0.0600	 -0.0400	 -0.0500	 -0.0300	 -0.0400
Q5 s	 -0.2000	 -0.2300	 -0.1100	 -0.0800	 -0.0800	 -0.0700	 -0.0700	 -0.0600	 -0.0400
Q4	 -0.3200	 -0.3500	 -0.0900	 -0.0500	 -0.0400	 -0.0500	 -0.0400	 -0.0600	 -0.0400
Q4 s	 -0.2500	 -0.2700	 -0.1900	 -0.1200	 -0.1000	 -0.0600	 -0.0100	 -0.1100	 -0.0800
Q3	 -0.2900	 -0.3300	 -0.1000	 -0.0500	 -0.0400	 -0.0400	 -0.0300	 -0.0400	 -0.0400
Q3 s	 -0.2400	 -0.2300	 -0.1700	 -0.0900	 -0.1200	 -0.0800	 -0.0700	 -0.0500	 -0.0100
Q2	 -0.2800	 -0.3800	 -0.1000	 -0.0600	 -0.0400	 -0.0300	 -0.0300	 -0.0200	 -0.0300
Q2 s	 -0.2300	 -0.1300	 -0.1200	 -0.1300	 -0.0800	 -0.0600	 -0.0500	 -0.0600	 -0.0700
JT	 -0.1200	 -0.1500	 -0.1000	 -0.0600	 -0.0800	 -0.0700	 -0.0400	 -0.0400	 0.0300
JT s	 -0.0500	 0.0400	 0.1300	 0.0300	 0.1600	 0.1900	 0.1400	 0.4500	 0.2100
J9	 -0.2200	 -0.2600	 -0.0800	 -0.0900	 -0.0700	 -0.0800	 -0.0800	 -0.0400	 0.0100
J9 s	 -0.0400	 -0.0200	 -0.0600	 -0.0700	 0.0100	 0.0000	 0.0500	 0.1200	 0.0000
J8	 -0.2300	 -0.3200	 -0.0900	 -0.0700	 -0.0500	 -0.0200	 -0.0900	 -0.0200	 -0.0500
J8 s	 -0.0900	 -0.1600	 -0.0400	 -0.0400	 -0.0200	 -0.0400	 -0.0600	 0.0200	 0.0600
J7	 -0.3000	 -0.3400	 -0.1000	 -0.0500	 -0.0700	 -0.0500	 -0.0400	 -0.0600	 -0.0500
J7 s	 -0.1900	 -0.3100	 -0.2200	 -0.0700	 -0.1300	 0.0000	 -0.0500	 -0.0700	 -0.0400
J6	 -0.2700	 -0.3900	 -0.0900	 -0.0500	 -0.0400	 -0.0300	 -0.0400	 -0.0300	 -0.0200
J6 s	 -0.2200	 -0.2300	 -0.1200	 -0.1100	 -0.0500	 -0.0800	 -0.0600	 -0.1000	 0.0100
J5	 -0.3000	 -0.3700	 -0.0800	 -0.0400	 -0.0400	 -0.0500	 -0.0300	 -0.0500	 -0.0300
J5 s	 -0.1100	 -0.3300	 -0.1000	 -0.1100	 -0.1000	 -0.0700	 -0.0200	 -0.0600	 -0.0900
J4	 -0.2800	 -0.4000	 -0.0700	 -0.0400	 -0.0200	 -0.0300	 -0.0300	 -0.0300	 -0.0400
J4 s	 -0.2600	 -0.2600	 -0.1300	 -0.1400	 -0.1000	 -0.0800	 -0.1100	 -0.0900	 -0.1000
J3	 -0.3000	 -0.3800	 -0.0800	 -0.0400	 -0.0300	 -0.0200	 -0.0300	 -0.0100	 -0.0100
J3 s	 -0.2900	 -0.2700	 -0.1600	 -0.0800	 -0.1000	 -0.1000	 -0.0900	 -0.1300	 -0.0700
J2	 -0.3000	 -0.3900	 -0.0800	 -0.0400	 -0.0300	 -0.0100	 -0.0300	 -0.0300	 -0.0300
J2 s	 -0.2100	 -0.3200	 -0.1100	 -0.0600	 -0.0800	 -0.0300	 -0.1200	 -0.1400	 -0.1300
T9	 -0.2400	 -0.2100	 -0.1100	 -0.0800	 -0.0600	 -0.0800	 -0.0900	 -0.0500	 -0.0600
T9 s	 -0.1300	 -0.1300	 0.0200	 -0.0400	 -0.0100	 0.0400	 0.0900	 0.1100	 0.0600
T8	 -0.2300	 -0.2900	 -0.0900	 -0.0400	 -0.0600	 -0.0500	 -0.0600	 -0.0300	 -0.0400
T8 s	 -0.1300	 -0.2000	 0.0000	 -0.0100	 -0.0600	 -0.0500	 0.0700	 0.0300	 0.0100
T7	 -0.2800	 -0.3400	 -0.0500	 -0.0400	 -0.0400	 -0.0300	 -0.0200	 -0.0300	 -0.0100
T7 s	 -0.2000	 -0.2800	 -0.1200	 -0.0500	 -0.1100	 -0.0900	 0.0300	 -0.0100	 0.0100
T6	 -0.2800	 -0.3500	 -0.0800	 -0.0300	 -0.0200	 -0.0200	 -0.0200	 -0.0200	 -0.0200
T6 s	 -0.2600	 -0.3100	 -0.1300	 -0.1300	 -0.0900	 -0.1200	 -0.0800	 -0.1300	 -0.1100
T5	 -0.2900	 -0.3800	 -0.0800	 -0.0200	 -0.0300	 -0.0300	 -0.0300	 -0.0200	 -0.0200
T5 s	 -0.2800	 -0.2700	 -0.1300	 -0.0900	 -0.0700	 -0.0700	 -0.1900	 -0.0900	 -0.0700
T4	 -0.2700	 -0.3700	 -0.0900	 -0.0300	 0.0000	 -0.0200	 -0.0200	 -0.0200	 -0.0300
T4 s	 -0.1900	 -0.2000	 -0.0700	 -0.1100	 -0.1200	 -0.0700	 -0.0800	 -0.0700	 -0.0900
T3	 -0.2600	 -0.4100	 -0.0700	 -0.0200	 -0.0200	 -0.0200	 -0.0200	 -0.0300	 -0.0100
T3 s	 -0.2500	 -0.3300	 -0.1300	 -0.0800	 -0.0900	 -0.1300	 -0.0800	 -0.0400	 -0.0600
T2	 -0.2800	 -0.3700	 -0.0800	 -0.0300	 -0.0200	 -0.0200	 -0.0200	 -0.0200	 -0.0100
T2 s	 -0.2800	 -0.3600	 -0.1100	 -0.1100	 0.0200	 -0.0400	 -0.0500	 -0.0100	 -0.0800
98	 -0.2100	 -0.2200	 -0.1400	 -0.0400	 -0.0600	 -0.0500	 -0.0300	 -0.0500	 -0.0600
98 s	 -0.0800	 -0.1100	 -0.0300	 0.0800	 0.0000	 0.0100	 -0.1000	 0.0200	 0.0400
97	 -0.2500	 -0.3000	 -0.0900	 -0.0100	 -0.0400	 -0.0400	 -0.0400	 -0.0200	 -0.0300
97 s	 -0.1700	 -0.1700	 -0.0100	 0.0200	 0.0000	 -0.0500	 -0.0400	 -0.0200	 0.0900
96	 -0.2500	 -0.3400	 -0.0900	 -0.0300	 -0.0300	 -0.0400	 0.0000	 -0.0200	 -0.0300
96 s	 -0.2200	 -0.2200	 -0.1000	 -0.1000	 -0.0600	 -0.0700	 -0.0200	 -0.1000	 0.0300
95	 -0.2800	 -0.4000	 -0.0900	 -0.0400	 -0.0200	 -0.0200	 -0.0100	 -0.0200	 0.0100
95 s	 -0.1700	 -0.2700	 -0.0700	 -0.0500	 -0.0800	 -0.0800	 -0.0400	 -0.0600	 -0.0400
94	 -0.2700	 -0.3800	 -0.0800	 -0.0200	 -0.0200	 -0.0100	 -0.0100	 -0.0200	 -0.0200
94 s	 -0.2800	 -0.3400	 -0.1500	 -0.1200	 -0.0900	 -0.0900	 -0.0800	 -0.0600	 -0.0700
93	 -0.2800	 -0.4000	 -0.0800	 -0.0200	 -0.0200	 -0.0200	 -0.0200	 -0.0100	 -0.0200
93 s	 -0.2900	 -0.3200	 -0.0900	 -0.0700	 -0.0600	 -0.0200	 -0.1000	 -0.0600	 -0.0300
92	 -0.2800	 -0.4200	 -0.0800	 -0.0200	 -0.0200	 -0.0100	 -0.0200	 -0.0100	 -0.0200
92 s	 -0.3100	 -0.2400	 -0.1200	 -0.0900	 -0.0600	 -0.0700	 -0.1000	 -0.0600	 -0.0400
87	 -0.2300	 -0.2800	 -0.1200	 -0.0600	 -0.0600	 -0.0600	 -0.0800	 -0.0400	 -0.0700
87 s	 -0.1300	 -0.1100	 -0.0100	 -0.0400	 0.0000	 -0.0300	 -0.0100	 -0.0200	 0.0200
86	 -0.2300	 -0.3100	 -0.0900	 -0.0500	 -0.0400	 -0.0300	 -0.0300	 -0.0400	 -0.0400
86 s	 -0.1900	 -0.2900	 -0.0900	 -0.0300	 -0.0400	 -0.0800	 -0.0800	 -0.0700	 -0.0500
85	 -0.2600	 -0.3500	 -0.0500	 -0.0300	 -0.0200	 -0.0300	 -0.0300	 -0.0200	 -0.0300
85 s	 -0.2200	 -0.2600	 -0.1200	 -0.0800	 -0.1200	 0.0100	 -0.1100	 -0.0900	 -0.1000
84	 -0.2900	 -0.3500	 -0.0700	 -0.0200	 -0.0300	 -0.0100	 -0.0200	 -0.0200	 -0.0200
84 s	 -0.1500	 -0.2800	 -0.1600	 -0.1100	 -0.0900	 -0.1000	 -0.1300	 -0.0700	 -0.0800
83	 -0.2700	 -0.3900	 -0.0800	 -0.0200	 -0.0200	 -0.0200	 0.0000	 -0.0100	 -0.0200
83 s	 -0.2900	 -0.3400	 -0.1300	 -0.1700	 -0.1000	 -0.0600	 -0.0500	 -0.0800	 -0.0900
82	 -0.2800	 -0.4100	 -0.0900	 -0.0200	 -0.0100	 -0.0100	 -0.0100	 -0.0100	 -0.0100
82 s	 -0.2300	 -0.3100	 -0.1000	 -0.1000	 -0.0300	 -0.0600	 -0.0600	 -0.0700	 -0.0800
76	 -0.2400	 -0.3000	 -0.1000	 -0.0500	 -0.0500	 -0.0500	 -0.0300	 -0.0200	 -0.0300
76 s	 -0.1200	 -0.0300	 0.0500	 -0.1100	 0.1000	 0.0000	 -0.0600	 -0.0800	 0.0600
75	 -0.2300	 -0.3500	 -0.0700	 -0.0300	 0.0100	 -0.0400	 -0.0200	 -0.0200	 -0.0300
75 s	 -0.1500	 -0.2300	 -0.0800	 -0.1100	 -0.0600	 -0.0400	 0.0400	 -0.1400	 -0.0300
74	 -0.2600	 -0.3700	 -0.0700	 -0.0200	 -0.0200	 -0.0200	 -0.0200	 -0.0200	 -0.0200
74 s	 -0.1900	 -0.1800	 -0.0800	 -0.0900	 0.0400	 -0.0800	 -0.0700	 -0.0600	 -0.0500
73	 -0.2900	 -0.3900	 -0.0600	 -0.0300	 -0.0200	 -0.0200	 -0.0100	 -0.0100	 -0.0200
73 s	 -0.3000	 -0.2200	 -0.1000	 -0.0900	 -0.0900	 -0.0600	 -0.0400	 -0.1000	 -0.0400
72	 -0.2700	 -0.3900	 -0.0800	 -0.0200	 -0.0200	 -0.0100	 -0.0200	 -0.0200	 -0.0200
72 s	 -0.2900	 -0.2500	 -0.0900	 -0.0900	 -0.0300	 -0.0300	 -0.0400	 -0.0600	 -0.0700
65	 -0.2400	 -0.3300	 -0.0700	 -0.0500	 -0.0600	 -0.0700	 -0.0400	 -0.0400	 -0.0400
65 s	 -0.1100	 -0.1300	 -0.1200	 -0.1100	 -0.0300	 -0.1000	 -0.0500	 0.0300	 -0.0500
64	 -0.2800	 -0.3200	 -0.0700	 -0.0300	 -0.0200	 -0.0200	 -0.0200	 -0.0300	 -0.0200
64 s	 -0.2200	 -0.2500	 -0.0700	 -0.0400	 -0.0900	 -0.0900	 -0.0500	 0.0300	 0.0500
63	 -0.2500	 -0.3300	 -0.0700	 -0.0200	 -0.0200	 -0.0100	 -0.0300	 -0.0300	 -0.0300
63 s	 -0.2800	 -0.1900	 -0.1300	 -0.1000	 -0.0700	 -0.0300	 -0.0900	 -0.0500	 0.0700
62	 -0.2700	 -0.3900	 -0.0700	 -0.0300	 -0.0100	 -0.0100	 -0.0200	 -0.0100	 -0.0200
62 s	 -0.3100	 -0.3200	 -0.1100	 -0.0800	 -0.0800	 -0.0800	 -0.0600	 -0.0500	 -0.0500
54	 -0.2700	 -0.3300	 -0.0900	 -0.0500	 -0.0400	 -0.0400	 -0.0300	 -0.0400	 -0.0500
54 s	 -0.1800	 -0.2000	 -0.1300	 -0.1200	 -0.0700	 0.0900	 0.1200	 0.0100	 -0.0600
53	 -0.2600	 -0.3700	 -0.0800	 -0.0400	 -0.0300	 -0.0200	 -0.0200	 -0.0200	 -0.0200
53 s	 -0.2000	 -0.1800	 -0.1300	 -0.0200	 -0.0500	 -0.0200	 0.0400	 -0.0700	 -0.0500
52	 -0.2800	 -0.3700	 -0.0700	 -0.0200	 -0.0200	 -0.0200	 -0.0200	 -0.0100	 -0.0200
52 s	 -0.2800	 -0.3500	 -0.1000	 -0.0800	 -0.0700	 -0.0100	 -0.0600	 0.0400	 -0.1000
43	 -0.2600	 -0.3500	 -0.0800	 -0.0200	 -0.0100	 -0.0300	 -0.0300	 -0.0400	 -0.0400
43 s	 -0.2100	 -0.2600	 -0.1000	 -0.0700	 -0.0800	 -0.1000	 -0.0600	 -0.1000	 -0.0100
42	 -0.2800	 -0.3700	 -0.0800	 -0.0200	 -0.0300	 -0.0200	 -0.0200	 -0.0200	 -0.0300
42 s	 -0.2500	 -0.3200	 -0.1200	 0.0400	 -0.0900	 -0.1000	 -0.1000	 -0.0500	 -0.0900
32	 -0.2900	 -0.3700	 -0.0800	 -0.0500	 -0.0300	 -0.0400	 -0.0500	 -0.0400	 -0.0300
32 s	 -0.2000	 -0.2900	 -0.1500	 -0.1000	 -0.1200	 -0.1600	 -0.1100	 -0.0700	 -0.0800

